   2.85883069         3.50000000    
   2.91149950         3.50000000    
   2.96416855         5.62500000    
   3.01683736         8.68750000    
   3.06950617         9.12500000    
   3.12217522         5.68750000    
   3.17484403         6.00000000    
   3.22751284         5.06250000    
   3.28018188         5.50000000    
   3.33285069         6.37500000    
   3.38551950         5.81250000    
   3.43818855         5.43750000    
   3.49085736         7.06250000    
   3.54352617         7.56250000    
   3.59619522         5.81250000    
   3.64886379         3.87500000    
   3.70153284         2.31250000    
   3.75420189         2.18750000    
   3.80687046        0.750000000    
   3.85953951        0.125000000    
