   33.0166664         0.00000000    
   33.0499992         0.00000000    
   33.0833321         0.00000000    
   33.1166687         0.00000000    
   33.1500015         0.00000000    
   33.1833344         0.00000000    
   33.2166672         0.00000000    
   33.2500000         0.00000000    
   33.2833328         0.00000000    
   33.3166656         0.00000000    
   33.3499985         100.000000    
   33.3833351         0.00000000    
   33.4166679         0.00000000    
   33.4500008         0.00000000    
   33.4833336         0.00000000    
   33.5166664         0.00000000    
   33.5499992         0.00000000    
   33.5833321         0.00000000    
   33.6166687         0.00000000    
   33.6500015         0.00000000    
